2.00000e+02 0.00000e+00
2.08452e+02 3.01189e-04
2.17262e+02 6.84541e-04
2.26444e+02 4.24978e-04
2.36014e+02 5.23311e-04
2.45988e+02 3.20083e-04
2.56384e+02 4.93776e-04
2.67219e+02 3.50501e-04
2.78512e+02 4.10198e-04
2.90283e+02 2.55286e-04
3.02551e+02 2.99364e-04
3.15337e+02 3.47608e-04
3.28664e+02 4.54079e-04
3.42553e+02 5.03271e-04
3.57030e+02 4.06471e-04
3.72119e+02 4.28712e-04
3.87845e+02 3.83464e-04
4.04237e+02 3.23358e-04
4.21320e+02 2.77267e-04
4.39126e+02 2.69541e-04
4.57684e+02 3.69926e-04
4.77027e+02 2.80489e-04
4.97187e+02 3.21904e-04
5.18199e+02 3.57513e-04
5.40099e+02 3.32535e-04
5.62924e+02 3.27279e-04
5.86714e+02 3.27166e-04
6.11510e+02 2.97910e-04
6.37353e+02 3.51232e-04
6.64289e+02 2.37830e-04
6.92363e+02 2.83932e-04
7.21624e+02 3.59422e-04
7.52121e+02 3.64691e-04
7.83907e+02 3.08545e-04
8.17036e+02 3.06112e-04
8.51565e+02 3.00347e-04
8.87554e+02 3.05563e-04
9.25063e+02 3.39347e-04
9.64158e+02 2.69010e-04
1.00491e+03 2.95998e-04
1.04737e+03 2.37318e-04
1.09164e+03 2.55037e-04
1.13777e+03 2.37459e-04
1.18586e+03 2.48661e-04
1.23597e+03 2.29002e-04
1.28821e+03 2.11327e-04
1.34265e+03 1.97775e-04
1.39939e+03 2.80589e-04
1.45853e+03 2.27577e-04
1.52017e+03 1.74002e-04
1.58442e+03 2.20539e-04
1.65138e+03 1.81992e-04
1.72117e+03 1.57570e-04
1.79391e+03 1.87326e-04
1.86972e+03 1.44225e-04
1.94874e+03 1.45243e-04
2.03110e+03 2.33860e-04
2.11693e+03 1.66764e-04
2.20640e+03 1.24083e-04
2.29965e+03 1.17933e-04
2.39683e+03 1.31831e-04
2.49813e+03 1.37197e-04
2.60370e+03 1.37564e-04
2.71374e+03 1.25538e-04
2.82843e+03 1.19356e-04
2.94796e+03 1.26736e-04
3.07255e+03 1.19085e-04
3.20240e+03 1.01722e-04
3.33774e+03 1.07002e-04
3.47880e+03 1.06362e-04
3.62582e+03 9.66555e-05
3.77905e+03 7.68037e-05
3.93876e+03 8.85841e-05
4.10522e+03 8.42400e-05
4.27871e+03 7.33673e-05
4.45954e+03 7.01616e-05
4.64800e+03 7.47348e-05
4.84444e+03 6.20376e-05
5.04917e+03 8.06198e-05
5.26256e+03 6.49317e-05
5.48496e+03 6.11729e-05
5.71677e+03 4.80702e-05
5.95837e+03 5.32033e-05
6.21018e+03 3.77873e-05
6.47263e+03 4.50009e-05
6.74618e+03 2.95978e-05
7.03128e+03 3.82051e-05
7.32844e+03 3.53920e-05
7.63815e+03 2.92406e-05
7.96095e+03 2.39825e-05
8.29739e+03 2.20797e-05
8.64806e+03 2.34457e-05
9.01354e+03 1.74707e-05
9.39447e+03 2.07064e-05
9.79149e+03 1.31394e-05
1.02053e+04 1.45229e-05
1.06366e+04 1.08375e-05
1.10861e+04 1.17907e-05
1.15546e+04 1.07782e-05
1.20429e+04 1.12812e-05
1.25519e+04 6.64188e-06
1.30824e+04 9.75552e-06
1.36353e+04 7.32190e-06
1.42115e+04 7.45955e-06
1.48121e+04 4.86403e-06
1.54381e+04 4.00012e-06
1.60905e+04 3.32620e-06
1.67705e+04 3.86642e-06
1.74793e+04 2.94416e-06
1.82180e+04 2.71179e-06
1.89879e+04 1.95137e-06
1.97904e+04 2.13228e-06
2.06268e+04 1.49694e-06
2.14985e+04 1.29262e-06
2.24071e+04 3.21535e-07
2.33540e+04 4.40711e-07
2.43410e+04 2.95989e-07
2.53697e+04 6.08543e-07
2.64419e+04 3.11396e-07
2.75593e+04 1.49385e-07
2.87240e+04 7.16638e-08
2.99380e+04 6.87580e-08
3.12032e+04 0.00000e+00
3.25219e+04 3.16475e-08
3.38963e+04 3.03643e-08
3.53289e+04 0.00000e+00
3.68219e+04 0.00000e+00
3.83781e+04 0.00000e+00
4.00000e+04 0.00000e+00
