9.09543e+02 -4.95942e-01 -7.05078e-01 -5.06860e-01
9.09543e+02 -3.71910e-01 5.61861e-01 7.38915e-01
9.09543e+02 -7.85405e-01 6.01295e-01 1.46915e-01
9.09543e+02 5.52692e-01 6.37692e-01 5.36545e-01
1.58610e+02 -4.15229e-01 -5.44830e-01 -7.28523e-01
1.58610e+02 8.71284e-02 3.41167e-01 9.35956e-01
1.58610e+02 -7.68825e-01 2.31645e-01 -5.96027e-01
1.58610e+02 3.69885e-01 6.02854e-01 7.06932e-01
1.58610e+02 -1.50692e-01 -2.49336e-01 -9.56621e-01
1.58610e+02 7.55242e-01 -1.66361e-01 6.33983e-01
2.96189e+02 -7.97878e-01 -5.63384e-01 -2.14450e-01
5.67266e+02 -6.17780e-01 -6.45787e-01 -4.48672e-01
5.18182e+02 9.59638e-01 -7.54296e-02 2.70935e-01
5.84767e+02 -9.00350e-01 5.82250e-02 4.31254e-01
1.57451e+03 -6.66414e-01 -1.68890e-01 7.26201e-01
1.14214e+03 -9.44025e-01 -2.09863e-01 2.54509e-01
1.95872e+03 -8.16198e-01 -4.54014e-01 -3.57339e-01
2.46737e+02 -9.05716e-01 -3.69954e-01 2.06911e-01
2.54396e+02 -9.88729e-01 -1.44525e-01 -3.90939e-02
2.26102e+03 -7.99876e-01 -5.78289e-01 -1.60563e-01
5.07595e+02 -5.10852e-01 -8.49828e-01 1.29703e-01
4.42116e+02 9.94564e-01 8.63404e-02 5.82047e-02
4.27954e+03 -6.24172e-02 -9.25116e-01 -3.74518e-01
4.27954e+03 3.57185e-01 -2.97954e-01 8.85236e-01
4.27954e+03 -7.01948e-01 -1.31065e-01 -7.00065e-01
4.27954e+03 2.93921e-01 7.48315e-01 5.94672e-01
4.27954e+03 -1.80006e-01 -1.20426e-01 -9.76266e-01
4.27954e+03 8.01416e-01 -1.93406e-01 5.65975e-01
1.75824e+03 -8.43630e-01 -4.55753e-01 2.83862e-01
9.68081e+02 -9.73932e-01 8.63959e-02 -2.09742e-01
4.60758e+02 -7.50852e-01 -2.12575e-01 -6.25327e-01
4.60758e+02 1.87891e-01 9.21135e-01 3.40891e-01
4.60758e+02 -1.48838e-01 4.92303e-02 -9.87635e-01
4.60758e+02 8.67306e-01 -1.80105e-01 4.64050e-01
2.17221e+03 -9.47438e-01 -2.18570e-01 -2.33642e-01
3.02492e+02 -7.01616e-01 -3.40124e-01 -6.26140e-01
3.02492e+02 4.55875e-01 6.97317e-01 5.53106e-01
3.02492e+02 1.71096e-01 -4.53215e-01 -8.74827e-01
3.02492e+02 8.62666e-01 -4.74269e-01 1.75717e-01
2.70390e+02 -3.59396e-01 -6.84152e-01 -6.34641e-01
2.70390e+02 2.15905e-01 1.44402e-01 9.65678e-01
2.70390e+02 -7.82572e-01 1.01401e-01 -6.14246e-01
2.70390e+02 2.26824e-01 8.11164e-01 5.39040e-01
2.70390e+02 -2.92379e-01 4.14812e-03 -9.56293e-01
2.70390e+02 7.53977e-01 -7.40788e-05 6.56901e-01
8.17522e+01 -7.42539e-01 -3.04575e-01 5.96548e-01
3.23954e+03 -2.64515e-01 -6.95379e-01 -6.68192e-01
3.23954e+03 3.32979e-01 -1.26292e-02 9.42850e-01
3.23954e+03 -6.62380e-01 -6.33468e-02 -7.46485e-01
3.23954e+03 -4.44307e-01 7.99661e-01 4.03897e-01
3.23954e+03 -6.67232e-01 7.44707e-01 -1.45521e-02
3.23954e+03 -2.81372e-01 9.59529e-01 1.15337e-02
3.23954e+03 -4.61553e-01 7.43221e-01 -4.84346e-01
3.23954e+03 4.01741e-01 5.31608e-01 7.45652e-01
3.23954e+03 -1.63291e-01 -2.92214e-01 -9.42309e-01
3.23954e+03 7.29376e-01 -1.39785e-01 6.69679e-01
3.87451e+02 -7.75295e-01 -3.66651e-01 -5.14282e-01
3.56788e+02 7.50617e-01 4.56827e-01 4.77371e-01
3.55825e+03 -8.53751e-01 -3.98929e-01 -3.34612e-01
1.60548e+02 -4.81818e-01 -7.90219e-01 3.78690e-01
8.20346e+02 -1.58469e-01 -9.08933e-01 3.85653e-01
8.20346e+02 -3.00909e-01 1.38646e-02 9.53552e-01
8.20346e+02 -8.08866e-01 3.57270e-01 4.67005e-01
2.48537e+02 -6.77700e-01 -6.90307e-01 2.53376e-01
1.59396e+03 -7.57036e-01 -6.19631e-01 2.07255e-01
9.50156e+02 -4.68206e-01 -8.16486e-01 -3.37838e-01
5.75466e+02 -9.93033e-01 4.75543e-02 1.07819e-01
1.65308e+03 -3.35913e-01 -8.44231e-01 4.17656e-01
2.40615e+03 -8.82753e-01 -4.18363e-01 -2.13821e-01
