9.10864e+02 -7.01923e-01 -7.04377e-01 1.05625e-01
3.63409e+02 7.73349e-01 5.66882e-01 2.83858e-01
7.20002e+02 -8.41091e-01 -2.72886e-01 4.67011e-01
6.99817e+02 -7.62990e-01 -5.78692e-01 2.88029e-01
1.01333e+02 8.36520e-01 4.07383e-01 -3.66434e-01
5.64266e+02 -8.68271e-01 1.41984e-02 4.95887e-01
8.59686e+02 -6.86097e-01 -6.08621e-01 3.98562e-01
1.13453e+03 -3.78653e-01 -5.13772e-01 7.69844e-01
2.64737e+02 -3.75823e-01 -7.95448e-01 4.75415e-01
7.47551e+02 -7.45968e-01 3.50435e-01 -5.66327e-01
7.47551e+02 -7.28483e-02 6.18604e-01 7.82319e-01
7.47551e+02 -5.24786e-01 -3.06826e-01 -7.94013e-01
7.47551e+02 4.01274e-01 -1.06662e-01 9.09727e-01
7.47551e+02 -8.53626e-02 -8.33817e-01 -5.45401e-01
7.47551e+02 7.19014e-01 -6.45678e-01 2.57137e-01
7.47551e+02 4.05203e-01 -8.15888e-01 -4.12476e-01
7.47551e+02 6.27675e-01 9.47377e-02 7.72690e-01
7.47551e+02 -2.53660e-01 -2.03199e-01 -9.45710e-01
7.47551e+02 2.95122e-01 6.36526e-01 7.12557e-01
7.47551e+02 -4.86129e-01 7.14930e-01 -5.02547e-01
7.47551e+02 -3.54547e-01 9.30482e-01 -9.21952e-02
6.35749e+02 -8.86222e-01 4.50927e-01 1.06186e-01
6.35749e+02 -3.20640e-01 2.97950e-01 8.99120e-01
6.35749e+02 -2.40034e-01 -9.65143e-01 -1.04324e-01
1.92861e+03 -6.20577e-01 -1.96043e-01 7.59244e-01
9.37321e+02 9.70223e-01 1.72367e-01 1.70167e-01
2.48578e+03 -4.47671e-01 -8.78007e-01 -1.69396e-01
1.15489e+03 -9.54462e-01 -1.84667e-01 2.34309e-01
2.65721e+03 -1.76173e-01 -8.43091e-01 5.08096e-01
2.00139e+03 2.65509e-01 9.58625e-01 -1.02684e-01
1.30427e+03 -8.08651e-01 -3.75171e-01 -4.53133e-01
1.18251e+03 9.25823e-01 1.45011e-01 3.49033e-01
9.12814e+02 -5.26434e-01 -6.37847e-01 5.62155e-01
3.71419e+02 9.21423e-01 3.88379e-01 1.19283e-02
3.21913e+03 -9.40247e-01 -3.39352e-01 -2.78374e-02
3.70522e+03 -8.06676e-01 5.50727e-01 2.14415e-01
3.70522e+03 -4.77697e-01 5.16818e-01 7.10426e-01
3.70522e+03 -3.69548e-01 -8.66071e-01 -3.36683e-01
3.39540e+03 8.78945e-01 -4.73135e-01 -5.99906e-02
3.39540e+03 3.24684e-01 -3.80974e-01 -8.65701e-01
3.39540e+03 2.89190e-01 9.28765e-01 2.31871e-01
9.08296e+02 -4.88756e-01 -5.32917e-01 6.90736e-01
1.04873e+03 -8.76929e-01 2.35399e-01 4.19026e-01
3.85877e+02 5.47230e-01 8.32821e-01 8.33570e-02
2.69732e+02 -7.86023e-01 -5.55437e-01 -2.71400e-01
3.35466e+03 -8.05751e-01 -5.82195e-01 1.08691e-01
2.98111e+03 -6.63550e-01 -6.84963e-01 -3.00876e-01
1.97047e+03 -6.71889e-01 -7.33855e-01 -1.00110e-01
2.30195e+03 -9.76181e-01 -1.21925e-01 1.79458e-01
2.82457e+03 -5.34867e-01 -8.32295e-01 1.45609e-01
3.23270e+03 -8.09660e-01 3.78690e-01 4.48381e-01
3.23270e+03 -3.78188e-01 1.53176e-01 9.12968e-01
3.23270e+03 -1.72710e-01 -9.32479e-01 3.17260e-01
6.16932e+02 -8.94800e-01 -4.44963e-01 3.66010e-02
1.74186e+02 6.20923e-01 7.20392e-01 -3.09015e-01
1.58444e+03 -9.28539e-01 1.88854e-01 3.19607e-01
4.29716e+02 -9.42055e-01 -2.74637e-01 1.92632e-01
6.26927e+02 -4.69610e-01 -8.00628e-01 3.72104e-01
2.46720e+03 -9.11253e-01 -3.24359e-01 -2.53790e-01
3.84583e+02 -7.42525e-01 -6.31349e-01 -2.23730e-01
2.15328e+03 -6.67607e-01 -5.19588e-01 5.33225e-01
1.30215e+03 -9.50196e-01 -1.19093e-01 2.87999e-01
5.94050e+02 -3.99641e-01 -8.94715e-01 -1.99430e-01
3.85542e+02 9.80808e-01 -1.67676e-01 -9.95010e-02
2.87848e+02 -9.06995e-01 3.12487e-01 2.82333e-01
2.87848e+02 -1.46495e-01 -3.47389e-01 9.26207e-01
2.87848e+02 -9.10559e-02 -7.21791e-01 6.86095e-01
2.12539e+02 9.27928e-01 3.02158e-01 -2.18290e-01
1.71496e+03 -9.52037e-01 2.30504e-01 2.01231e-01
1.38504e+03 9.41070e-01 1.88373e-01 -2.80897e-01
1.07589e+03 -8.72801e-01 -2.10027e-01 4.40576e-01
9.35068e+02 -3.12482e-01 -9.42709e-01 1.16848e-01
7.82893e+02 2.83392e-01 9.59004e-01 -9.24931e-04
1.41347e+03 -8.01159e-01 5.77707e-01 1.56203e-01
1.41347e+03 -4.58935e-01 5.67512e-01 6.83600e-01
1.41347e+03 -4.22157e-01 -7.92817e-01 -4.39573e-01
1.41347e+03 7.86689e-01 2.68581e-01 5.55863e-01
3.51099e+03 -9.41589e-01 1.30854e-03 3.36762e-01
6.32456e+02 7.20656e-01 6.81995e-01 -1.24654e-01
1.23488e+03 -8.48044e-01 3.05702e-01 4.32859e-01
1.23488e+03 -2.23737e-01 -2.35759e-01 9.45706e-01
1.23488e+03 -1.18721e-01 -7.11046e-01 6.93050e-01
2.21488e+03 -7.55719e-01 5.89791e-01 -2.84666e-01
2.21488e+03 -3.50814e-01 7.75758e-01 5.24527e-01
2.21488e+03 -5.77585e-01 -2.83670e-01 -7.65459e-01
2.21488e+03 3.57925e-01 -5.07100e-02 9.32372e-01
2.21488e+03 -1.24198e-01 -8.39616e-01 -5.28791e-01
2.21488e+03 7.26854e-01 -8.53993e-02 6.81462e-01
2.21488e+03 -1.38881e-01 -3.44418e-01 -9.28487e-01
2.21488e+03 3.22848e-01 6.54803e-01 6.83375e-01
1.65333e+03 -8.45942e-01 3.48245e-01 -4.03866e-01
1.65333e+03 -9.78184e-02 4.55658e-01 8.84764e-01
1.65333e+03 -3.75519e-01 -7.18037e-01 -5.86011e-01
1.65333e+03 5.80587e-01 4.49827e-01 6.78657e-01
1.16003e+03 -6.01691e-01 -4.25622e-01 -6.75880e-01
1.16003e+03 5.83602e-01 4.54964e-01 6.72619e-01
1.80862e+03 -7.67323e-01 -6.01037e-01 -2.23542e-01
1.01776e+03 -2.98923e-01 -8.87842e-01 3.49831e-01
