2.00000e+02 0.00000e+00
2.08452e+02 3.47206e-05
2.17262e+02 9.99381e-05
2.26444e+02 3.19619e-05
2.36014e+02 3.06659e-05
2.45988e+02 1.02979e-04
2.56384e+02 3.66983e-04
2.67219e+02 8.12545e-05
2.78512e+02 5.19732e-05
2.90283e+02 0.00000e+00
3.02551e+02 1.43531e-04
3.15337e+02 3.44279e-05
3.28664e+02 8.80850e-05
3.42553e+02 2.11283e-04
3.57030e+02 1.01358e-04
3.72119e+02 3.88993e-05
3.87845e+02 1.49288e-04
4.04237e+02 7.16173e-05
4.21320e+02 8.58917e-05
4.39126e+02 1.56577e-04
4.57684e+02 1.58135e-05
4.77027e+02 1.36551e-04
4.97187e+02 7.27854e-05
5.18199e+02 1.11734e-04
5.40099e+02 3.75213e-04
5.62924e+02 1.92857e-04
5.86714e+02 1.72701e-04
6.11510e+02 2.36712e-04
6.37353e+02 6.58630e-04
6.64289e+02 1.96114e-04
6.92363e+02 7.31741e-05
7.21624e+02 3.15932e-04
7.52121e+02 1.97269e-04
7.83907e+02 2.21585e-04
8.17036e+02 2.21459e-05
8.51565e+02 2.71973e-04
8.87554e+02 2.32404e-04
9.25063e+02 1.87773e-04
9.64158e+02 2.85252e-04
1.00491e+03 2.34073e-04
1.04737e+03 1.00198e-04
1.09164e+03 1.79011e-04
1.13777e+03 2.16280e-04
1.18586e+03 2.25820e-04
1.23597e+03 1.58106e-04
1.28821e+03 7.30384e-05
1.34265e+03 1.83278e-04
1.39939e+03 1.73260e-04
1.45853e+03 1.53829e-04
1.52017e+03 9.04595e-05
1.58442e+03 2.21547e-04
1.65138e+03 1.27100e-04
1.72117e+03 1.74509e-04
1.79391e+03 1.00863e-04
1.86972e+03 1.89676e-04
1.94874e+03 4.27108e-04
2.03110e+03 1.92423e-04
2.11693e+03 1.48722e-04
2.20640e+03 1.98456e-04
2.29965e+03 1.88836e-04
2.39683e+03 1.44943e-04
2.49813e+03 1.83972e-04
2.60370e+03 1.13969e-04
2.71374e+03 1.22683e-04
2.82843e+03 1.70165e-04
2.94796e+03 1.37486e-04
3.07255e+03 8.48003e-05
3.20240e+03 1.19783e-04
3.33774e+03 9.32416e-05
3.47880e+03 1.83083e-04
3.62582e+03 1.10785e-04
3.77905e+03 8.71410e-05
3.93876e+03 7.53387e-05
4.10522e+03 1.11070e-04
4.27871e+03 7.61190e-05
4.45954e+03 1.10360e-04
4.64800e+03 6.53998e-05
4.84444e+03 1.22508e-04
5.04917e+03 6.88041e-05
5.26256e+03 7.56414e-05
5.48496e+03 8.97281e-05
5.71677e+03 6.45674e-05
5.95837e+03 8.62431e-05
6.21018e+03 5.59411e-05
6.47263e+03 5.47909e-05
6.74618e+03 5.73971e-05
7.03128e+03 4.22030e-05
7.32844e+03 4.04917e-05
7.63815e+03 3.88498e-05
7.96095e+03 4.18202e-05
8.29739e+03 2.35513e-05
8.64806e+03 4.43558e-05
9.01354e+03 1.84683e-05
9.39447e+03 3.00460e-05
9.79149e+03 2.66101e-05
1.02053e+04 1.20564e-05
1.06366e+04 1.63306e-05
1.10861e+04 1.50156e-05
1.15546e+04 1.19012e-05
1.20429e+04 1.86304e-05
1.25519e+04 1.09556e-05
1.30824e+04 1.16179e-05
1.36353e+04 1.22084e-05
1.42115e+04 1.01855e-05
1.48121e+04 5.37489e-06
1.54381e+04 1.17203e-05
1.60905e+04 1.07953e-05
1.67705e+04 6.04191e-06
1.74793e+04 8.28132e-06
1.82180e+04 4.37004e-06
1.89879e+04 3.81168e-06
1.97904e+04 1.09714e-06
2.06268e+04 7.01766e-07
2.14985e+04 4.71317e-06
2.24071e+04 9.69014e-07
2.33540e+04 0.00000e+00
2.43410e+04 8.92024e-07
2.53697e+04 2.85285e-07
2.64419e+04 0.00000e+00
2.75593e+04 2.62618e-07
2.87240e+04 0.00000e+00
2.99380e+04 0.00000e+00
3.12032e+04 0.00000e+00
3.25219e+04 0.00000e+00
3.38963e+04 0.00000e+00
3.53289e+04 0.00000e+00
3.68219e+04 0.00000e+00
3.83781e+04 0.00000e+00
4.00000e+04 0.00000e+00
