0 1167.2 3.0164 0.2765 0.49695 0.82255
0 707.31 3.0249 0.26654 0.49637 0.82618
0 9917.3 2.9975 0.30521 0.49581 0.81303
0 1232.4 2.9407 0.26937 0.50794 0.8182
0 2059.6 2.8908 0.30485 0.50792 0.80566
0 725.41 3.0318 0.30201 0.48228 0.82231
0 1612.4 2.9143 0.29238 0.50613 0.81138
0 869.12 2.9579 0.32873 0.49003 0.80734
0 1690.9 3.0027 0.2976 0.49764 0.81473
0 682.89 2.9095 0.30469 0.5067 0.80649
0 1541.7 2.9138 0.2744 0.51739 0.81057
0 3723 2.9304 0.29196 0.51362 0.80682
0 4225.2 2.9241 0.30319 0.50232 0.80979
0 1226 2.9573 0.26733 0.51245 0.81605
0 3447.8 2.9772 0.2678 0.50981 0.81755
0 1892.5 2.9784 0.28176 0.50283 0.81717
0 2696.3 2.9489 0.32554 0.48783 0.80997
0 1410.6 2.8949 0.31821 0.50549 0.80202
0 1765.6 2.8874 0.25781 0.5358 0.80402
0 837.84 2.9171 0.26442 0.52299 0.81029
0 927.66 2.9476 0.28664 0.50232 0.81579
0 816.08 2.8938 0.28578 0.51523 0.808
0 638.01 2.9063 0.27745 0.51715 0.80968
0 8208.5 2.876 0.33612 0.50705 0.79368
0 2049.3 2.9945 0.32283 0.47677 0.8176
0 2354.5 2.9683 0.27569 0.50838 0.81581
0 1772.8 3.0133 0.2991 0.48745 0.82033
0 2073.2 2.9361 0.2947 0.5076 0.80962
0 631.09 3.0331 0.33325 0.47653 0.81355
0 695.97 3.0595 0.27314 0.47668 0.83556
0 1591.3 2.8704 0.33507 0.4999 0.79864
0 988.44 2.9016 0.34123 0.49143 0.80128
0 19061 2.8725 0.29584 0.5246 0.79829
0 1418.1 2.9641 0.28754 0.50238 0.81543
0 1174.7 2.9105 0.27388 0.50176 0.8205
0 773.96 2.9321 0.30276 0.49825 0.81245
0 1631.9 2.9091 0.30427 0.50964 0.80479
0 6022 2.8839 0.31082 0.50127 0.80754
0 1033.8 2.9844 0.29892 0.48562 0.82148
0 717.42 2.9161 0.27169 0.51778 0.81122
0 1327.1 2.9265 0.2762 0.51513 0.81139
0 771.7 2.996 0.29568 0.48707 0.82179
0 2773.3 2.9189 0.31545 0.49861 0.80739
0 5110.8 2.873 0.32686 0.5098 0.79578
0 1225.7 2.9007 0.29628 0.49034 0.81963
0 1221.7 2.9652 0.28164 0.50098 0.81835
0 708.63 2.9303 0.31978 0.50868 0.79937
0 5404 2.9968 0.28619 0.50033 0.81717
0 2718.3 3.0039 0.27222 0.49915 0.82265
0 718.95 2.9313 0.29066 0.50649 0.81178
0 696.97 2.8705 0.32922 0.50795 0.79599
0 1329.7 2.9062 0.29721 0.51082 0.80668
0 793.94 2.9775 0.3256 0.4858 0.81116
0 1190.8 2.875 0.33251 0.50348 0.79746
0 1104.4 2.9953 0.28849 0.49444 0.81994
0 3775.3 2.921 0.29009 0.51238 0.80828
0 1419.3 2.9063 0.33344 0.49603 0.80173
0 1036.4 3.0004 0.33292 0.47201 0.81631
0 1732.4 2.9242 0.29298 0.50299 0.81312
0 1045 2.9613 0.31699 0.48759 0.8135
0 600.57 3.017 0.30453 0.47753 0.82415
0 4711.6 2.8606 0.32605 0.5112 0.79521
0 627.34 3.0174 0.32657 0.4741 0.81767
0 1037.9 2.9377 0.33463 0.49014 0.80485
0 3850.6 2.9349 0.27514 0.51855 0.80957
0 632.31 2.9247 0.34002 0.48439 0.80607
0 696.55 2.9175 0.29519 0.5034 0.81207
0 873.09 2.9109 0.3214 0.50229 0.80275
0 1949 2.9291 0.30985 0.50266 0.80705
0 2393 2.8947 0.29614 0.51865 0.80206
0 944.35 2.9305 0.28148 0.51428 0.81011
0 1580 2.8693 0.32746 0.50784 0.79679
0 701.37 2.8784 0.28814 0.5049 0.81366
0 1246.8 2.8912 0.28968 0.51266 0.80825
0 990.02 3.0479 0.2838 0.48226 0.82878
0 953.91 2.9736 0.29088 0.49878 0.81646
0 1753.5 2.938 0.28789 0.50793 0.81187
0 1071.5 2.9638 0.30498 0.48705 0.8184
0 10876 2.9514 0.29945 0.50716 0.80816
0 1534.2 2.9595 0.28987 0.49795 0.81733
0 2339.8 2.9248 0.29841 0.50837 0.80778
0 631.05 2.8937 0.28405 0.51659 0.80774
0 5452.8 2.9632 0.31673 0.49496 0.80914
0 1104.6 2.8886 0.27729 0.52046 0.80761
0 1031.8 2.8922 0.31044 0.49361 0.81239
0 1691.6 2.9426 0.28668 0.50124 0.81644
0 989.65 2.8655 0.31728 0.50904 0.80013
0 5260.8 2.8798 0.30579 0.51844 0.79857
0 718.74 3.0195 0.28509 0.49222 0.82246
0 681.19 3.0156 0.27885 0.47803 0.8329
0 714.17 2.8899 0.31246 0.50275 0.80599
0 1623.3 2.9777 0.32476 0.48385 0.81266
0 1928.1 2.9748 0.27208 0.50001 0.82217
0 1617.2 2.8698 0.31287 0.51278 0.79948
0 4422.1 2.908 0.27559 0.52494 0.80529
0 701.99 2.9082 0.29984 0.50445 0.80971
0 958.43 3.0191 0.27202 0.49052 0.82789
0 1396 2.8967 0.31377 0.5021 0.80588
0 1021 3.0269 0.31627 0.47992 0.81832
0 1289 2.8745 0.32681 0.50346 0.79983
0 3011.8 2.9169 0.32048 0.50087 0.80401
0 1464.1 2.9634 0.31899 0.48818 0.81236
0 1930.7 2.9391 0.27848 0.51013 0.81376
0 1477.4 2.904 0.28102 0.51153 0.81201
0 2591.6 2.8589 0.31979 0.51268 0.7968
0 723.05 2.9907 0.29654 0.48984 0.81983
0 647.07 2.9016 0.28322 0.51424 0.80954
0 915.28 2.9298 0.29008 0.50446 0.81325
0 730.9 2.9798 0.28546 0.49812 0.81877
0 1762.2 2.8711 0.28671 0.52661 0.8003
0 1776.1 2.9598 0.28827 0.50565 0.81315
0 6933.1 2.8381 0.28817 0.53454 0.7945
0 6561.9 2.9969 0.28185 0.50089 0.81833
0 2381.9 2.9171 0.29397 0.50559 0.81115
0 604.99 3.0488 0.37841 0.45532 0.80591
0 989.32 2.9248 0.30855 0.49481 0.81238
0 2807.1 2.8726 0.33581 0.50249 0.7967
0 794.56 3.0064 0.28549 0.49868 0.81842
0 7709.3 2.9362 0.32371 0.49868 0.80407
0 879.73 2.9854 0.26128 0.51057 0.81918
0 765.07 2.9641 0.29303 0.49748 0.81649
0 1107.5 2.8893 0.32752 0.49373 0.80558
0 1327.4 2.8858 0.32056 0.49977 0.80465
0 661.51 2.9631 0.26955 0.50761 0.81834
0 822.56 2.9523 0.26759 0.50589 0.82005
0 1163.3 3.0098 0.2763 0.49798 0.82199
0 743.26 2.9557 0.30607 0.49852 0.81105
0 608.33 2.8776 0.29248 0.51127 0.80812
0 654.44 3.052 0.27941 0.49419 0.82323
0 808.53 2.9508 0.30276 0.49705 0.81319
0 1676 2.8802 0.29081 0.51726 0.8049
0 4244.3 2.8946 0.27825 0.52533 0.80412
0 818.86 2.9585 0.29692 0.49406 0.81716
0 7203.3 2.8768 0.32645 0.50896 0.79649
0 7455.4 2.885 0.31375 0.51374 0.79852
0 3570.4 2.8499 0.31288 0.52008 0.79475
0 700 2.9856 0.28462 0.48197 0.82867
0 2027 2.9782 0.26515 0.51025 0.81813
0 808.17 2.9248 0.33628 0.48388 0.80794
0 670.52 2.9899 0.35572 0.45163 0.81823
0 6980.4 2.8755 0.29389 0.52157 0.80099
0 1672.8 2.8793 0.32964 0.50307 0.79891
0 820.7 2.8608 0.31432 0.51272 0.79895
0 910.08 2.9884 0.29167 0.49991 0.81548
0 725.51 2.9002 0.30534 0.50499 0.80731
0 604.4 3.0643 0.32754 0.46891 0.82027
0 1420.4 2.967 0.2682 0.50931 0.81772
0 3155.3 2.9726 0.27249 0.50807 0.81708
0 842.2 3.0285 0.31314 0.47582 0.82191
0 6788 2.8846 0.3299 0.50559 0.79721
0 935.32 2.9048 0.28584 0.51381 0.80888
0 1249.2 2.9182 0.29436 0.49923 0.81493
0 1047.7 2.8916 0.32397 0.50491 0.80006
0 856.99 3.0191 0.28181 0.49163 0.82394
0 1972.4 2.8846 0.27592 0.52392 0.80584
0 5069 2.858 0.31747 0.51328 0.79734
0 1384.9 2.9075 0.30086 0.51127 0.80504
0 1029.1 2.8883 0.31187 0.50468 0.80501
0 678.61 2.9398 0.26936 0.51398 0.81442
0 2242.2 2.9514 0.29484 0.50459 0.81145
0 4495.8 2.8511 0.32733 0.50695 0.7974
0 1142.6 2.9109 0.28204 0.5163 0.80863
0 1673.4 2.913 0.28905 0.51318 0.80814
0 941.92 2.8964 0.28939 0.52243 0.80207
0 792.04 2.9571 0.31108 0.49651 0.81038
0 1387.8 2.9834 0.31256 0.48205 0.8185
0 15002 2.8797 0.29534 0.52331 0.79932
0 794.83 3.0305 0.31427 0.47752 0.8205
0 2992.9 3.0143 0.2849 0.48616 0.82612
0 703.52 3.0239 0.32286 0.47433 0.81901
0 687.57 2.9563 0.31921 0.48912 0.8117
0 4672.9 2.9594 0.3151 0.49557 0.8094
0 1068 2.86 0.30778 0.5154 0.79977
0 723.3 2.8635 0.27896 0.53727 0.79594
0 707.97 2.9358 0.29696 0.50533 0.81022
0 603.62 2.9026 0.2947 0.51439 0.80533
0 1997.5 2.8491 0.29137 0.52622 0.79887
0 3483.2 2.8809 0.27703 0.52636 0.80386
0 1089.1 2.8799 0.33155 0.50091 0.79948
0 1484.9 2.9248 0.29902 0.49883 0.81348
0 1576.1 2.9329 0.29904 0.50137 0.81191
0 3401.1 2.9498 0.28809 0.51 0.81049
0 854.47 2.969 0.31246 0.49459 0.81102
0 1354.7 2.8834 0.31761 0.50478 0.8027
0 735.76 2.975 0.32143 0.49017 0.8102
0 743.51 2.9387 0.2732 0.51523 0.81235
0 3277.6 2.9169 0.27777 0.50802 0.81533
0 5218.8 2.9919 0.28128 0.50268 0.81743
0 637.3 2.9901 0.31183 0.48709 0.81579
0 654.98 2.9639 0.31515 0.48799 0.81397
0 2795.1 2.9552 0.32823 0.49391 0.80519
0 1633.7 2.9666 0.29312 0.50178 0.81382
0 926.86 3.028 0.2524 0.49704 0.83021
0 1892.4 2.9429 0.31947 0.49203 0.80984
0 900.72 2.8588 0.29096 0.51983 0.80319
0 603.48 3.1259 0.28629 0.48177 0.82821
0 1509.3 2.9198 0.33081 0.49368 0.80427
0 704.91 2.9907 0.29972 0.48632 0.82077
0 1174 2.9579 0.32459 0.49054 0.80871
0 683.09 2.9864 0.32145 0.48102 0.81565
0 1133 2.9828 0.30447 0.4824 0.82133
0 950.7 2.9645 0.32826 0.4823 0.81218
0 685.65 2.9626 0.32978 0.48016 0.81283
0 5394.4 2.8834 0.30961 0.51361 0.80021
0 871.33 2.9881 0.2621 0.50035 0.8252
0 1434.5 3.0181 0.24007 0.50371 0.82985
0 729.48 2.9234 0.32841 0.48943 0.80784
0 1384 2.8558 0.30302 0.5176 0.80017
0 758.99 2.9159 0.281 0.51373 0.81063
0 1273.8 2.8925 0.28476 0.50955 0.81196
0 1076.9 2.8857 0.28865 0.51831 0.805
0 3961.3 2.8597 0.28361 0.52968 0.79938
0 2234.5 2.863 0.3043 0.51999 0.79813
0 663.57 2.9167 0.33265 0.49079 0.80528
0 2784.8 2.9906 0.27744 0.50087 0.81985
0 1415.9 2.9722 0.28608 0.52277 0.80304
0 2315.5 2.9699 0.30917 0.49467 0.81223
0 8180.2 2.8675 0.28368 0.52879 0.79994
0 1743 2.8913 0.3085 0.50764 0.80445
0 739.01 3.0138 0.30891 0.47878 0.82179
0 2498.3 2.901 0.28771 0.51967 0.80447
0 892.96 2.8892 0.3252 0.50067 0.80223
0 996.49 2.9164 0.28912 0.51481 0.80708
0 1439.5 2.9823 0.32799 0.47089 0.81895
0 1677.5 2.9401 0.27675 0.51113 0.81373
0 1112.8 2.8872 0.33307 0.50347 0.79724
0 720.56 2.9159 0.28749 0.50663 0.81282
0 700.1 2.9321 0.29547 0.5052 0.81084
0 829.03 2.8518 0.30888 0.52062 0.79596
0 2703.8 2.9063 0.32501 0.50524 0.79944
0 814.5 2.928 0.29711 0.49632 0.81572
0 4456.7 2.8446 0.31312 0.52109 0.79399
0 1329 2.9068 0.27116 0.50326 0.82049
0 713.04 2.8993 0.27686 0.51777 0.80948
0 1133.4 3.0105 0.29601 0.48759 0.82136
0 862.25 2.9833 0.32084 0.48614 0.81285
0 1231.7 2.9327 0.30109 0.50105 0.81135
0 1191.9 2.9018 0.29402 0.51107 0.80769
0 842.37 2.9199 0.33374 0.49515 0.80215
0 957.41 2.9906 0.26379 0.50235 0.82344
0 691.81 2.9882 0.29875 0.48675 0.82087
0 1186.1 3.0232 0.27819 0.49551 0.82285
0 1342.6 3.0124 0.30676 0.48283 0.82023
0 5307.2 2.9926 0.26824 0.5109 0.81672
0 1481.7 2.881 0.33127 0.5121 0.79247
0 647.46 2.9254 0.32961 0.49495 0.80398
0 810.12 2.875 0.29714 0.51216 0.80585
0 2528.3 3.0126 0.27993 0.49314 0.82368
0 1331.7 2.9237 0.32454 0.49626 0.80523
0 1501.3 2.886 0.284 0.52034 0.80535
0 3351 2.8981 0.30499 0.51255 0.80267
0 3978.5 2.8681 0.33655 0.50516 0.7947
0 2200.6 2.9151 0.27768 0.51844 0.80877
0 1003.9 2.9972 0.29073 0.49125 0.82107
0 740.5 2.9355 0.26143 0.52038 0.81293
0 1769.1 2.9235 0.27784 0.51975 0.80787
0 1854.7 2.8551 0.30172 0.51901 0.79975
0 1003.4 2.9778 0.33139 0.48057 0.81193
0 1393.1 2.9199 0.30106 0.50375 0.80969
0 1106.4 2.977 0.28531 0.49801 0.81889
0 3515.2 2.9275 0.28628 0.50316 0.8154
0 1392.3 3.0151 0.3025 0.48302 0.8217
0 869.2 2.9278 0.31089 0.4922 0.81307
0 1380.5 2.9526 0.26341 0.51439 0.8161
0 1536.6 2.9437 0.30522 0.49594 0.81295
0 1618.6 2.9338 0.28278 0.51319 0.81035
0 906.23 2.8566 0.28025 0.53046 0.80004
0 3643 2.894 0.28456 0.52218 0.80396
0 16433 2.8594 0.31919 0.5178 0.79372
0 885.34 2.9103 0.31378 0.49858 0.80806
0 1613.1 2.9263 0.29417 0.50147 0.81363
0 637.01 2.9618 0.31472 0.48105 0.81826
0 1270.6 2.9384 0.31284 0.49194 0.81249
0 1103.2 2.9939 0.26711 0.50503 0.82073
0 881.46 2.9909 0.27721 0.4977 0.82186
0 1250 2.9346 0.2709 0.51822 0.81121
0 1101.6 2.9077 0.31729 0.5048 0.80281
0 834.17 2.9076 0.31526 0.50487 0.80356
0 1304.6 2.9554 0.33498 0.48592 0.80726
0 2815.8 2.9393 0.32845 0.48853 0.80837
0 3776 2.8412 0.27963 0.53711 0.79581
0 753.67 3.0491 0.25739 0.50448 0.82416
0 2777.4 2.8552 0.30069 0.52125 0.79867
0 684.88 3.0484 0.41441 0.46531 0.78214
0 902.2 2.8735 0.32235 0.50465 0.80088
0 4134.8 2.9166 0.30653 0.50866 0.80455
0 2115.9 2.8889 0.29493 0.51485 0.80496
0 727.4 3.0188 0.29154 0.46599 0.83538
0 896.02 2.9757 0.32988 0.48193 0.81174
0 3160.4 2.9526 0.27301 0.51331 0.81362
0 1727.9 2.9272 0.29434 0.50456 0.81166
0 650.2 2.9357 0.30501 0.50005 0.8105
0 773.13 2.8781 0.30694 0.50996 0.80357
0 800.2 2.8876 0.31462 0.50404 0.80433
0 4211.5 2.9419 0.32977 0.48989 0.80701
0 2078.9 3.0182 0.26122 0.50644 0.82176
0 647.18 3.05 0.30033 0.48299 0.82251
0 931.77 2.9071 0.28464 0.50854 0.81263
0 2936 2.9771 0.29646 0.5009 0.81315
0 2765 2.8833 0.29849 0.51172 0.80563
0 733.49 2.8764 0.28735 0.51764 0.8059
0 774.81 3.002 0.25552 0.50689 0.82327
0 6784.3 2.8987 0.27479 0.52011 0.80869
0 629.41 3.0156 0.29274 0.48878 0.82182
0 1058.3 2.8994 0.27985 0.51809 0.80825
0 1439.2 2.9881 0.23744 0.50687 0.82868
0 3752.6 2.8714 0.32377 0.50661 0.79907
0 1308 2.9225 0.33758 0.48734 0.80532
0 2962.7 2.9762 0.29452 0.50554 0.81098
0 1350 2.8558 0.29951 0.52366 0.79755
0 1967.5 2.8641 0.28152 0.52769 0.80143
0 2430.4 2.8518 0.30238 0.523 0.79689
0 2151.8 2.9267 0.30945 0.49853 0.80976
0 661.99 2.9695 0.30437 0.49896 0.81142
0 2137 2.8768 0.30267 0.51215 0.8038
0 3539.1 2.8974 0.28448 0.52207 0.80406
0 691.63 2.9277 0.30455 0.50626 0.80682
0 1115.4 2.971 0.32931 0.47851 0.81399
0 1079.1 3.0121 0.27071 0.50051 0.82232
0 986.26 2.8912 0.33391 0.50145 0.79815
0 1580.1 2.8738 0.27663 0.52238 0.80659
0 1070.3 3.057 0.31497 0.47958 0.81902
0 678.69 2.9204 0.32288 0.50041 0.80333
0 2205.8 2.9851 0.26978 0.50889 0.81747
0 1330.4 2.8513 0.2852 0.52027 0.80498
0 2079.7 2.9821 0.28129 0.50486 0.81608
0 750.24 2.903 0.27839 0.51426 0.81119
0 2989.2 2.9878 0.28825 0.50128 0.81586
0 874.55 3.0103 0.29289 0.49197 0.81987
0 1838.9 2.878 0.28228 0.51928 0.80664
0 1624.8 2.9675 0.32499 0.48564 0.8115
0 1232.2 2.8704 0.30189 0.51902 0.79967
0 1183.4 2.9306 0.30052 0.50233 0.81078
0 1394.2 2.9659 0.2878 0.4988 0.81754
0 1276.3 2.9786 0.27475 0.50646 0.81732
0 600.17 2.964 0.31609 0.49024 0.81225
0 1063.1 2.963 0.30785 0.49071 0.81513
0 2312.7 2.9566 0.32071 0.48914 0.8111
0 1086.9 2.917 0.29259 0.51562 0.80531
0 2023.6 3.0165 0.30168 0.48523 0.8207
0 615.12 3.0217 0.27918 0.48631 0.82799
0 1428.2 2.9666 0.26427 0.50934 0.81898
0 1016 2.967 0.32827 0.47751 0.815
0 621.92 3.0312 0.28476 0.48326 0.82788
0 1326.2 2.8599 0.29286 0.52066 0.80196
0 4155 2.984 0.30488 0.49235 0.81525
0 920.77 2.9312 0.28586 0.51293 0.80944
0 750.05 3.0357 0.32702 0.50949 0.79591
0 927.36 2.943 0.27765 0.51325 0.81209
0 815.47 3.0443 0.2901 0.47952 0.82819
0 2519.8 2.8585 0.34001 0.5137 0.78772
0 801.89 2.9033 0.31822 0.49971 0.80562
0 1006.9 2.8668 0.31045 0.51632 0.79814
0 1066.8 3.008 0.31016 0.48309 0.8188
0 9149.9 2.894 0.29052 0.52177 0.80209
0 2138.9 2.9336 0.30427 0.49718 0.81255
0 1007.8 2.8675 0.31464 0.51183 0.79939
0 1960.9 2.9157 0.28761 0.51519 0.80738
0 2385.7 2.9479 0.31736 0.4944 0.80923
0 838.96 2.9765 0.29266 0.49852 0.81599
0 730.91 2.9917 0.29914 0.48372 0.82251
0 970.51 2.8917 0.32019 0.50562 0.80114
0 1376.7 3.0208 0.27474 0.4898 0.82741
0 717.21 2.9091 0.2647 0.52359 0.8098
0 749.27 3.0161 0.32043 0.46633 0.82454
0 1062.3 2.8965 0.33998 0.49456 0.79989
0 821.93 2.9083 0.25441 0.53089 0.80835
0 1470.8 3 0.26824 0.51469 0.81434
0 2060.1 2.9193 0.3186 0.48709 0.81317
0 2317.6 2.8648 0.30285 0.51675 0.80078
0 736.99 3.0251 0.32121 0.47355 0.82011
0 5219.3 2.9357 0.27515 0.51666 0.81078
0 2099.7 2.8847 0.28533 0.51729 0.80684
0 1454.9 2.8934 0.30616 0.50695 0.80577
0 752.64 2.9462 0.34369 0.47987 0.80722
0 1611.3 2.9804 0.32386 0.48284 0.81362
0 1038.9 2.9017 0.26585 0.51903 0.81236
0 1795.6 2.9051 0.33754 0.49329 0.80171
0 697.67 2.9759 0.32104 0.4793 0.81683
0 2896.7 2.8729 0.29231 0.52095 0.80198
0 817.82 3.0487 0.28919 0.47834 0.82919
0 1557.7 2.9516 0.31906 0.49508 0.80814
0 4741.3 2.9312 0.29838 0.50113 0.8123
0 1118.2 2.9757 0.30367 0.49473 0.81426
0 644.36 2.9292 0.2831 0.5139 0.80979
0 1914.1 2.9922 0.27902 0.49985 0.81994
0 676.61 2.9409 0.2991 0.50385 0.81035
0 1470.6 2.9091 0.3102 0.50308 0.80665
0 2313.9 2.8589 0.31416 0.51387 0.79827
0 1353.4 2.9237 0.29186 0.50622 0.81152
0 3688.3 2.861 0.3317 0.51027 0.79347
0 1217 2.9296 0.26307 0.52649 0.80846
0 1151.6 2.9112 0.30605 0.5056 0.80666
0 2137.2 2.8993 0.3041 0.50301 0.80902
0 3252.3 2.9213 0.2883 0.51174 0.80932
0 730.29 2.9898 0.29297 0.49669 0.81699
0 2787.2 3.0137 0.31296 0.4854 0.81636
0 1365.2 2.9545 0.30715 0.50254 0.80815
0 1011.2 2.9342 0.34078 0.48488 0.80546
0 1684.8 2.9294 0.32816 0.48844 0.80854
0 3111.4 2.9195 0.27578 0.51913 0.80898
0 853.22 2.8881 0.30337 0.51044 0.80462
0 1557.3 2.9492 0.27929 0.50501 0.81667
0 1392 2.9373 0.29556 0.50408 0.81151
0 1747.8 2.9825 0.27354 0.4898 0.82781
0 740.1 2.944 0.32284 0.49142 0.80888
0 824.93 2.9482 0.33179 0.48592 0.80858
0 604.79 2.9682 0.27302 0.49492 0.82493
0 1054.9 2.9545 0.28776 0.50755 0.81215
0 6364.9 2.9512 0.27088 0.51329 0.81434
0 1659.9 2.9923 0.32335 0.48779 0.81086
0 2701 2.8829 0.28777 0.52185 0.80303
0 1013.6 2.9444 0.32283 0.48583 0.81225
0 622.89 2.9715 0.2964 0.49904 0.81431
0 1437.8 2.8816 0.29579 0.51472 0.80472
0 2273.2 2.9869 0.31594 0.48914 0.81297
0 1476.8 2.8963 0.32619 0.50449 0.79943
0 1202 2.9967 0.25721 0.5027 0.82531
0 753.27 2.991 0.26791 0.51485 0.81435
0 802.84 3.019 0.26252 0.50493 0.82227
0 620.35 3.0311 0.3049 0.47442 0.82581
0 963.37 2.9101 0.31427 0.50246 0.80546
0 2263.9 2.9264 0.31956 0.50178 0.8038
0 1272.5 2.8588 0.31187 0.51484 0.79855
0 707.06 2.9455 0.28533 0.50401 0.8152
0 5878.3 2.9511 0.32533 0.49194 0.80756
0 1105.7 2.9643 0.25113 0.51668 0.81852
0 1428.8 2.9428 0.32068 0.49262 0.80901
0 884.22 2.9471 0.32425 0.51907 0.79084
0 2165.6 2.9191 0.27983 0.52134 0.80616
0 1048.3 2.8751 0.27554 0.52005 0.80847
0 2137 2.8768 0.2862 0.51633 0.80715
0 2551.4 2.9394 0.31228 0.49925 0.80823
0 1519.6 2.9873 0.29674 0.49656 0.8157
0 6918.7 2.883 0.3041 0.51872 0.79903
0 5155.2 2.9885 0.27866 0.50355 0.8178
0 1469.8 2.9133 0.33925 0.48325 0.80708
0 1781.3 2.8738 0.33204 0.50416 0.79723
0 845.42 3.032 0.32052 0.46562 0.82491
0 3437.7 2.9844 0.30128 0.49644 0.81411
0 924.23 2.9375 0.29579 0.49604 0.81637
0 2178 2.8679 0.33079 0.50828 0.79513
0 2428.3 2.9819 0.29004 0.49978 0.81615
0 941.87 2.9245 0.31748 0.49817 0.80687
0 3622.7 2.88 0.34322 0.49918 0.79562
0 1146.2 3.0118 0.29498 0.48559 0.82291
0 976.83 2.9019 0.30921 0.49635 0.81119
0 3416.4 2.9285 0.2927 0.50984 0.80894
0 639.26 2.9732 0.28836 0.50122 0.81586
0 900.81 3.0234 0.27645 0.49171 0.82571
0 996.09 2.9155 0.28828 0.51469 0.80746
0 1287.5 2.9178 0.29137 0.50147 0.81463
0 974.57 2.9609 0.27835 0.50205 0.81882
0 904.61 2.9638 0.29689 0.49131 0.81882
0 617.54 3.0163 0.34161 0.46231 0.81827
0 792.42 2.9496 0.31211 0.49124 0.81318
0 949.43 2.8961 0.32711 0.49469 0.80516
0 1013.1 2.9901 0.29425 0.49353 0.81844
0 1342.4 2.9773 0.29146 0.48698 0.82335
0 828.69 3.023 0.29724 0.48209 0.82416
0 655.69 2.8929 0.32508 0.49863 0.80355
0 1106.2 2.8893 0.27689 0.51204 0.81311
0 972.24 2.9726 0.28246 0.50307 0.81678
0 3406.3 2.8444 0.3023 0.52381 0.79639
0 2322.4 2.9114 0.30151 0.50842 0.8066
0 2364.6 2.9085 0.32159 0.49956 0.80437
0 2806.1 2.9568 0.29752 0.49943 0.81367
0 2018.1 2.8634 0.29602 0.51947 0.80157
0 1381.5 2.9093 0.29726 0.51322 0.80513
0 2149.4 3.0056 0.32339 0.47807 0.81662
0 602.67 3.0133 0.30683 0.48477 0.81906
0 1687.2 2.9453 0.28361 0.50797 0.81334
0 891.89 2.9081 0.26064 0.53133 0.80607
0 1278.5 2.8959 0.30939 0.50537 0.80553
0 714.4 3.019 0.29584 0.48598 0.82238
0 8604.4 2.8596 0.28694 0.53077 0.79746
0 760.18 2.9154 0.28768 0.514 0.80811
0 970.6 2.8947 0.32291 0.50353 0.80137
0 5831 2.9739 0.28558 0.49919 0.81808
0 703.63 2.9784 0.26314 0.50667 0.821
0 1190.4 2.8883 0.31822 0.49966 0.80565
0 710.28 2.9015 0.27624 0.52189 0.80705
0 14532 2.8759 0.33743 0.50687 0.79324
0 1153.2 2.9499 0.28772 0.50243 0.81534
0 1487.4 3.0344 0.31006 0.47663 0.82261
0 4217.1 2.8786 0.29914 0.51863 0.80096
0 849.76 2.9087 0.30715 0.5106 0.80308
0 662.85 3.0641 0.2877 0.47604 0.83103
0 2689.3 2.8747 0.31018 0.50556 0.80511
0 1243.2 2.8569 0.28724 0.52363 0.80206
0 1710.8 2.9495 0.31851 0.48828 0.81249
0 3834.8 2.9698 0.32487 0.49042 0.80867
0 974.85 3.0113 0.29473 0.48486 0.82343
0 1869.3 2.9267 0.33287 0.48066 0.81127
0 6418.3 2.9958 0.27734 0.50548 0.81705
0 1629.7 2.9991 0.28516 0.49652 0.81985
0 2633.5 2.9092 0.32455 0.50025 0.80276
0 17599 2.8571 0.31899 0.51837 0.79343
0 9994.8 2.8476 0.30378 0.52656 0.79401
0 1421 2.9248 0.29375 0.50721 0.81021
0 1158.1 2.9657 0.27834 0.50828 0.81497
0 756.83 2.9607 0.30455 0.49158 0.81584
0 956.56 2.9415 0.31059 0.51562 0.79854
0 757.21 2.8978 0.31539 0.49924 0.80702
0 824.47 2.8589 0.29983 0.51663 0.802
0 1150.7 2.8863 0.27793 0.51807 0.80893
0 1697.9 2.9913 0.29088 0.49 0.82176
0 3841.1 3.01 0.26951 0.50074 0.82257
0 2887.1 2.9771 0.31 0.49446 0.81204
0 3451.8 2.9728 0.28714 0.50392 0.81463
0 1652.9 2.9514 0.29295 0.50374 0.81267
0 1224.6 2.8706 0.27979 0.53242 0.79891
0 795.31 2.9545 0.33692 0.47585 0.81243
0 917.04 3.042 0.28654 0.48165 0.8282
0 3589.2 2.8894 0.29844 0.51912 0.80091
0 2689.2 2.9791 0.31753 0.4915 0.81092
0 2730.6 2.8501 0.28645 0.52277 0.80291
0 1260.5 2.9271 0.30147 0.49989 0.81192
0 825.7 2.8697 0.30727 0.50891 0.80411
0 2557.6 2.9332 0.31423 0.50153 0.80605
0 824.23 2.9854 0.30989 0.48647 0.81689
0 614.32 2.9418 0.3852 0.49167 0.78095
0 2012.6 3.0003 0.30613 0.49003 0.81618
0 3252.4 2.9137 0.30638 0.50967 0.80397
0 965.05 2.9023 0.32357 0.4882 0.81053
0 1319.7 2.8961 0.2673 0.52476 0.80819
0 821.72 3.0285 0.26121 0.49783 0.827
0 1462.7 2.8954 0.30919 0.49889 0.80964
0 2968.1 2.8863 0.34282 0.49478 0.79854
0 1404.4 2.9518 0.30053 0.50269 0.81055
0 715.97 2.8936 0.30649 0.50717 0.80551
0 1510 3.0044 0.28343 0.49589 0.82083
0 887.58 2.9729 0.32661 0.48123 0.81347
0 1034.9 2.8826 0.31516 0.50663 0.8025
0 1279.5 2.9342 0.26887 0.51548 0.81363
0 1042.4 2.8942 0.3272 0.48847 0.80891
0 14116 2.8406 0.29582 0.53127 0.79388
0 1955.8 2.8761 0.31732 0.50927 0.79997
0 2156.3 2.8907 0.31367 0.49678 0.80921
0 1676.5 2.9927 0.28034 0.49833 0.82041
0 712.64 3.0281 0.32075 0.46819 0.82336
0 1200.8 3.0117 0.30024 0.47662 0.82625
0 1407 2.986 0.2745 0.50015 0.82128
0 627.53 2.9169 0.29565 0.50447 0.81123
0 1113.9 2.9855 0.30322 0.49047 0.81701
0 1128.1 2.9595 0.29125 0.50309 0.81368
0 2033.5 2.8623 0.30465 0.5181 0.79922
0 1283.9 2.9245 0.26839 0.51088 0.81668
0 3806.5 2.9036 0.29899 0.51631 0.80251
0 1165.1 2.9265 0.3275 0.48801 0.80907
0 1219.2 2.9634 0.30572 0.49479 0.81346
0 4542.1 2.9306 0.28304 0.51424 0.80959
0 725.17 2.9963 0.29224 0.48751 0.82276
0 1304.8 3.0055 0.30394 0.48646 0.81913
0 759.99 2.911 0.27188 0.51665 0.81188
0 699.77 2.9961 0.28497 0.49687 0.8197
0 3859 2.93 0.28133 0.51512 0.80964
0 1082.6 2.9589 0.3397 0.48053 0.80851
0 876.27 2.9439 0.25147 0.51985 0.81641
0 1116.8 2.9132 0.31138 0.50211 0.8068
0 874.13 2.9149 0.30917 0.50179 0.80785
0 1292.2 2.9239 0.30656 0.50202 0.8087
0 1399.5 2.9867 0.32013 0.4813 0.81601
0 848.38 3.006 0.31989 0.48365 0.81471
0 1282.4 2.9447 0.31408 0.49221 0.81184
0 3352.4 3.005 0.3026 0.48645 0.81963
0 955.49 2.9541 0.30078 0.48705 0.81995
0 895.8 2.9295 0.2967 0.50457 0.81079
0 846.27 2.9251 0.27337 0.5061 0.818
0 1816.7 2.9971 0.30366 0.48132 0.82226
0 938.36 2.8978 0.28583 0.51453 0.80843
0 2975.8 2.874 0.2787 0.51483 0.81072
0 4838.6 2.9449 0.3103 0.50284 0.80676
0 5215.8 2.9009 0.29522 0.51465 0.80497
0 2708.3 3.0023 0.24308 0.50464 0.8284
0 669.3 2.8926 0.31046 0.50818 0.80335
0 1006.1 2.8763 0.3241 0.50638 0.79908
0 902.54 3.0336 0.29411 0.47882 0.82718
0 615.73 2.9921 0.29282 0.491 0.82047
0 601.63 2.9486 0.29447 0.50317 0.81247
0 1528.8 2.9492 0.28606 0.50522 0.8142
0 4699.2 2.9971 0.31784 0.48903 0.8123
0 2375.7 2.899 0.27638 0.51285 0.81277
0 658.84 2.9624 0.29997 0.49332 0.81649
0 1311.8 2.9918 0.35029 0.47068 0.80979
0 722.24 2.9689 0.33759 0.47478 0.81278
0 2450 2.9467 0.31169 0.49606 0.81042
0 2293 2.9993 0.30375 0.49318 0.81518
0 1957 2.9481 0.26895 0.51399 0.81454
0 4523.4 2.9661 0.31142 0.49116 0.8135
0 660.37 3.0432 0.27333 0.48476 0.83084
0 1981 2.9414 0.32088 0.49594 0.80689
0 4621.9 2.8934 0.31272 0.50615 0.80375
0 1373.7 2.913 0.32662 0.49514 0.80508
0 661.16 3.0575 0.27444 0.46821 0.83992
0 876.4 2.9278 0.31589 0.49159 0.81151
0 1440.9 2.9127 0.33491 0.49294 0.80302
0 1210.6 2.8583 0.3032 0.51744 0.8002
0 1324.6 2.8986 0.28959 0.51465 0.80702
0 1704.3 2.9607 0.3296 0.48719 0.80871
0 861.93 2.9757 0.27471 0.50276 0.81961
0 666.2 2.931 0.30628 0.50082 0.80955
0 950.08 3.0004 0.31222 0.48613 0.81621
0 1256.7 2.9733 0.30812 0.49197 0.81427
0 3143.9 2.8691 0.33022 0.50258 0.79898
0 811.92 2.975 0.31866 0.48355 0.81525
0 989.83 3.032 0.30765 0.4843 0.81903
0 1704.2 2.8808 0.32292 0.50607 0.79976
0 5170.5 2.8848 0.304 0.51554 0.80112
0 623 2.9896 0.28028 0.50139 0.81857
0 614.7 3.049 0.26804 0.48617 0.83174
0 637.67 2.9603 0.30647 0.48796 0.81729
0 717.75 2.9562 0.29297 0.4905 0.82072
0 1197.1 2.9545 0.29486 0.50257 0.8127
0 4314.7 2.9793 0.2687 0.50887 0.81783
0 765.61 2.9101 0.30832 0.50455 0.80645
0 1330.4 2.9119 0.30411 0.50583 0.80725
0 1050.1 2.9279 0.32036 0.48368 0.8145
0 894.27 3.0016 0.27314 0.49774 0.82319
0 671.65 3.0266 0.29736 0.4781 0.82643
0 2771.3 2.8557 0.29631 0.52654 0.79685
0 623.92 2.8893 0.33005 0.49675 0.80268
0 1674.6 2.9869 0.32089 0.48465 0.81373
0 3111.3 2.938 0.3074 0.50627 0.80573
0 2814.1 2.9156 0.32102 0.5035 0.80214
0 979.38 2.9711 0.27368 0.50674 0.8175
0 689.44 2.9776 0.28421 0.49106 0.82346
0 702.38 2.9015 0.31362 0.50647 0.8032
0 1466.3 2.968 0.28647 0.49992 0.81732
0 1214 2.8697 0.29229 0.51753 0.8042
0 874.38 2.9027 0.33203 0.50086 0.79931
0 5912.6 2.9826 0.2753 0.50591 0.81747
0 691.22 2.9351 0.33165 0.48549 0.8089
0 601.94 2.9086 0.28447 0.5142 0.80912
0 885.24 2.8551 0.30698 0.51986 0.79719
0 1342.5 3.0196 0.30495 0.47893 0.82318
0 1004.2 3.0009 0.29799 0.48995 0.81924
0 1788.8 2.9973 0.28761 0.49314 0.82103
0 721.39 2.9736 0.3883 0.55583 0.73504
0 1111.3 2.9322 0.30341 0.49115 0.81653
0 954.16 2.9064 0.31945 0.49996 0.80498
0 1004.9 2.9533 0.30306 0.50559 0.8078
0 1842.2 2.9287 0.27705 0.51925 0.80847
0 829.8 3.0007 0.29029 0.4853 0.82475
0 1609.7 3.0025 0.30116 0.49202 0.81683
0 814.57 2.9194 0.27961 0.5087 0.81428
0 723.91 2.9733 0.31255 0.49067 0.81336
0 732.95 3.0408 0.2905 0.48761 0.82331
0 794.14 3.024 0.29086 0.48731 0.82336
0 960.99 2.9004 0.32258 0.50134 0.80287
0 697.64 2.9477 0.31844 0.49715 0.80711
0 1412.5 2.8682 0.28921 0.52369 0.80132
0 1518.1 2.9109 0.27423 0.51243 0.81376
0 805.96 2.9847 0.26554 0.4988 0.82503
0 1050.8 3.0235 0.31166 0.47348 0.82383
0 1349 3.0252 0.28649 0.47925 0.8296
0 710.39 2.9518 0.29059 0.55196 0.7816
0 1366.7 2.9298 0.32489 0.49152 0.80799
0 1306.6 2.9575 0.27991 0.50696 0.81526
0 821.97 2.9082 0.33485 0.48784 0.80615
0 948.93 2.8823 0.25736 0.53247 0.80637
0 2296.7 3.0095 0.3149 0.48312 0.81697
0 1037.2 2.8737 0.28651 0.52072 0.80422
0 648.76 3.0108 0.27914 0.49884 0.82051
0 2220.2 2.9426 0.32201 0.49485 0.80712
0 904.47 3.0014 0.29122 0.50082 0.81509
0 921.61 2.969 0.33372 0.48725 0.80698
0 795.7 3.0355 0.31807 0.47256 0.8219
0 1094.5 2.9922 0.30525 0.48775 0.81787
0 612.51 2.9646 0.31917 0.48775 0.81254
0 611.53 3.0505 0.27973 0.47101 0.8366
0 3282.1 2.9909 0.26602 0.51051 0.81769
0 680.54 2.9469 0.26942 0.49996 0.82307
0 1579.1 2.8852 0.29245 0.50592 0.81149
0 628.63 3.0445 0.26786 0.4871 0.83125
0 1717 3.0285 0.30689 0.4838 0.81961
0 606.44 3.0166 0.30591 0.49193 0.81512
0 971.81 2.9719 0.32617 0.48113 0.81371
0 720.03 3.0074 0.31155 0.48105 0.81947
0 2581.7 2.9693 0.28176 0.50055 0.81857
0 2709.5 3.0127 0.31755 0.48319 0.8159
0 1221.1 2.942 0.28832 0.50988 0.81049
0 825.33 3.0411 0.26721 0.4852 0.83257
0 1042.2 2.98 0.31831 0.48497 0.81455
0 808.95 2.916 0.31956 0.49788 0.80622
0 659.61 2.8892 0.29321 0.50687 0.81062
0 704.05 2.9728 0.27791 0.50171 0.81918
0 605.1 2.9308 0.29129 0.50726 0.81107
0 1368.3 2.9122 0.28566 0.50467 0.81469
0 1467.2 2.9377 0.282 0.50968 0.81283
0 2021.4 2.874 0.32873 0.50394 0.79874
0 914.09 2.9764 0.27255 0.50582 0.81845
0 815.71 2.9211 0.30097 0.49162 0.81715
0 798.22 3.0383 0.27185 0.49178 0.82719
0 2420.7 2.8697 0.32258 0.51325 0.79531
0 1297.4 2.906 0.3007 0.50051 0.81183
0 1364.8 2.9742 0.30357 0.49011 0.81709
0 4093.6 2.8585 0.28137 0.52345 0.80426
0 1839.3 3.0018 0.31942 0.4823 0.8157
0 651.8 2.9023 0.32734 0.50153 0.80082
0 940.99 2.9681 0.29259 0.49574 0.8177
0 759.41 2.9468 0.29649 0.50181 0.81258
0 736.42 3.0144 0.30426 0.4866 0.81893
0 794.25 2.8801 0.30383 0.50511 0.80781
0 1024.1 2.9373 0.32403 0.47846 0.81614
0 604.57 2.9163 0.32237 0.49663 0.80588
0 1843.6 2.8653 0.30061 0.51024 0.80578
0 1168.9 2.9312 0.29397 0.50328 0.81258
0 853.72 3.0673 0.28905 0.46796 0.83515
0 799.73 2.9142 0.29858 0.50758 0.80822
0 966.28 2.9794 0.27895 0.49801 0.82108
0 612.28 2.8792 0.28434 0.53246 0.79726
0 2036.7 2.9356 0.30287 0.49712 0.8131
0 1650.9 2.9208 0.30884 0.50177 0.80799
0 1903.1 2.9246 0.31963 0.50172 0.80381
0 925.68 3.0359 0.25409 0.50081 0.82742
0 8176.8 2.8737 0.3371 0.50473 0.79474
0 4875.8 2.9673 0.28631 0.50751 0.81269
0 671.82 2.9319 0.3263 0.49528 0.80512
0 610.52 3.0045 0.33021 0.4661 0.8208
0 1233.1 2.9027 0.27291 0.51687 0.8114
0 1362.1 2.9411 0.33766 0.48878 0.80441
0 604.65 2.9126 0.30404 0.51216 0.80327
0 878.12 2.9858 0.30229 0.49242 0.81618
0 803.11 2.8818 0.33007 0.51083 0.79379
0 867.12 2.9216 0.34656 0.4921 0.79858
0 863.88 2.9789 0.30035 0.49014 0.81826
0 909.08 3.0093 0.29527 0.49153 0.81928
0 5676.6 2.8842 0.30356 0.51543 0.80136
0 1954.7 2.8852 0.30504 0.51438 0.80148
0 1362.1 2.9054 0.26692 0.52092 0.8108
0 1028.5 2.9162 0.25617 0.52164 0.8138
0 1212.4 2.9079 0.26714 0.52197 0.81005
0 2538.1 2.9878 0.26153 0.51146 0.81854
0 863.96 2.984 0.31207 0.48772 0.81531
0 1031.3 2.9825 0.30747 0.49412 0.81321
0 605.01 3.0277 0.30467 0.48085 0.82217
0 1528.6 2.8841 0.27046 0.52994 0.80375
0 2974.1 3.0158 0.28303 0.48736 0.82606
0 1333.4 2.9491 0.3219 0.48954 0.81038
0 1632.7 2.9993 0.27208 0.50153 0.82125
0 6859.3 2.9792 0.29256 0.50372 0.81282
0 786.66 3.0127 0.27499 0.49129 0.82645
0 968.24 2.9901 0.28918 0.48706 0.8241
0 722.73 3.0116 0.31616 0.47824 0.81935
0 2061.9 2.9851 0.30342 0.49573 0.81375
0 1776.3 2.9719 0.26858 0.51027 0.817
0 2587.4 2.8735 0.27869 0.51834 0.80849
0 2053.3 2.9966 0.31678 0.4844 0.81548
0 1304 2.9035 0.3128 0.50477 0.80459
0 1342.4 2.891 0.31739 0.50629 0.80183
0 606.14 2.9068 0.29175 0.51567 0.80558
0 1924.8 2.8502 0.28352 0.53039 0.79894
0 4681.1 2.992 0.29031 0.49208 0.82072
0 1179.7 2.8788 0.31712 0.50953 0.79988
0 849.96 2.9348 0.29799 0.50208 0.81186
0 1324.3 2.9245 0.33056 0.48694 0.80847
0 941.12 2.9454 0.29356 0.49951 0.81505
0 4181.8 2.9805 0.28825 0.49618 0.81897
0 621.02 3.0361 0.30786 0.48097 0.82091
0 695.79 3.0103 0.28177 0.49581 0.82145
0 890.73 2.9491 0.36271 0.52981 0.76665
0 976.81 2.9295 0.29811 0.50351 0.81093
0 744.81 3.0023 0.28246 0.49029 0.82452
0 1609.4 2.9926 0.33398 0.47555 0.81382
0 1550.3 2.876 0.31437 0.5087 0.80149
0 4519 2.8536 0.29829 0.52465 0.79735
0 1460.2 2.9748 0.30649 0.48481 0.81916
0 12292 2.9564 0.28004 0.51402 0.81078
0 1695.1 2.8688 0.33243 0.49598 0.80218
0 3133.8 2.9435 0.29021 0.49302 0.82019
0 2982.3 3.0078 0.30558 0.49304 0.81457
0 2006.4 3.0251 0.29596 0.48342 0.82384
0 700.25 2.9052 0.30145 0.51057 0.80526
0 703.97 3.0365 0.27978 0.49044 0.82534
0 619.03 3.0968 0.2585 0.50794 0.82169
0 635.6 3.044 0.30805 0.47309 0.8254
0 1683.5 2.8798 0.27048 0.52483 0.80709
0 1185.5 2.9309 0.30309 0.50089 0.81071
0 2195.2 2.8737 0.28787 0.52787 0.79906
0 607.46 2.9558 0.29766 0.52586 0.79679
0 1257.3 2.9695 0.27076 0.50433 0.81996
0 767.31 3.0004 0.32796 0.47958 0.81391
0 661.51 3.0229 0.3008 0.48645 0.8203
0 1037.5 2.8847 0.29146 0.51617 0.80537
0 989.54 2.9566 0.27409 0.50669 0.8174
0 2100.5 2.8963 0.27788 0.52352 0.80543
0 892 2.8599 0.28279 0.52639 0.80184
0 856.91 2.9432 0.29509 0.50314 0.81226
0 661.87 2.9515 0.28427 0.51303 0.80993
0 1384.2 2.9122 0.27464 0.51597 0.81139
0 614.16 2.8794 0.30356 0.51876 0.79922
0 3141.6 2.9113 0.33051 0.50067 0.80006
0 664.13 2.9512 0.33185 0.48743 0.80764
0 2222.1 3.0098 0.29565 0.48925 0.8205
0 2004.2 2.946 0.32564 0.49266 0.807
0 1073.7 2.8845 0.30206 0.51245 0.80384
0 3437 2.9755 0.27152 0.51141 0.81531
0 723.68 3.0111 0.32124 0.4784 0.81727
0 1271.1 2.9631 0.31514 0.48418 0.81624
0 675.16 2.8902 0.32533 0.50467 0.79967
0 7603.5 2.9235 0.33473 0.4973 0.8004
0 1552.3 2.9845 0.28489 0.50122 0.81707
0 1160.5 2.9825 0.27344 0.50719 0.81731
0 1877.8 2.9214 0.30832 0.50577 0.80569
0 757.74 2.961 0.27563 0.50632 0.81711
0 737.63 3.0428 0.29748 0.4811 0.82465
0 1074.3 3.0562 0.29993 0.47207 0.82897
0 3966.7 2.9076 0.27579 0.52468 0.80539
0 1598.8 2.8886 0.30343 0.50645 0.80712
0 649.98 3.0008 0.27909 0.49144 0.82498
0 1006.6 2.8921 0.31532 0.50046 0.8063
0 1241.2 2.9451 0.27384 0.50433 0.81894
0 5843.8 2.8999 0.27857 0.52292 0.80558
0 1526.2 2.8602 0.29509 0.51735 0.80328
0 1002.9 2.9045 0.29651 0.50774 0.80887
0 829.53 2.9013 0.31582 0.50895 0.80077
0 707.32 2.8756 0.28915 0.52209 0.80238
0 601.1 2.894 0.33386 0.49406 0.80277
0 607.71 2.9218 0.28194 0.5178 0.80771
0 1710.8 3.0239 0.27804 0.48814 0.82729
0 1452.6 2.8685 0.30499 0.5179 0.79922
0 1202.3 2.9209 0.29732 0.50566 0.80988
0 1112.9 2.9689 0.29386 0.49727 0.81631
0 641.07 3.0309 0.2932 0.48661 0.82295
0 1606.5 2.9166 0.31761 0.48999 0.81181
0 925.24 3.0075 0.33336 0.47146 0.81646
0 1088.8 3.0308 0.32343 0.4747 0.81857
0 1083.4 2.9513 0.27461 0.50166 0.82032
0 1205.4 2.918 0.31275 0.50443 0.80482
0 5618.7 2.8846 0.30086 0.50964 0.80607
0 2448.2 2.967 0.2851 0.51104 0.8109
0 1104.9 2.919 0.34316 0.48545 0.8041
0 2122.8 2.9818 0.32388 0.48471 0.8125
0 847.01 3.018 0.28503 0.49291 0.82207
0 809.29 2.9414 0.31948 0.48088 0.81651
0 743.23 2.9249 0.2831 0.5133 0.81017
0 1984.1 2.8701 0.31521 0.5164 0.79622
0 847.32 2.8632 0.28866 0.51979 0.80405
0 656.32 2.9092 0.27146 0.51869 0.81072
0 6114.2 2.8785 0.31398 0.51289 0.79898
0 944.32 2.9295 0.34211 0.48608 0.80417
0 727.35 2.9785 0.31735 0.4819 0.81674
0 1693.4 2.887 0.34944 0.49521 0.7954
0 616.92 2.9925 0.2696 0.49917 0.82349
0 2652.4 2.8924 0.2768 0.52561 0.80444
0 1321.4 2.9477 0.31766 0.48996 0.81181
0 1010.3 2.9181 0.35017 0.47819 0.80543
0 3040.4 2.983 0.33095 0.48615 0.80878
0 2937.4 2.966 0.30491 0.49776 0.81195
0 898.22 2.8954 0.28194 0.51355 0.81042
0 890.14 2.9366 0.28873 0.50879 0.81103
0 876.61 2.9389 0.30524 0.48635 0.81871
0 1544.8 2.9117 0.27922 0.52016 0.80713
0 1036.8 2.8781 0.307 0.51132 0.80268
0 915.75 2.9485 0.28526 0.50695 0.81341
0 1746.4 2.9479 0.27272 0.51009 0.81574
0 2016.5 2.978 0.31411 0.48686 0.81505
0 673.75 2.9405 0.28226 0.50223 0.81737
0 1159.3 2.8635 0.27535 0.52798 0.80338
0 14629 2.9197 0.28596 0.51723 0.80666
0 891.81 2.9193 0.31076 0.49911 0.8089
0 890.14 2.9286 0.30537 0.49662 0.81247
0 1537.5 2.9813 0.30184 0.49645 0.8139
0 919.49 2.9712 0.32545 0.48287 0.81297
0 4504.1 2.969 0.30006 0.49421 0.81592
0 1536.8 3.0034 0.31273 0.48327 0.81771
0 1888.9 2.9766 0.29125 0.50041 0.81533
0 5319.6 2.9726 0.29407 0.50431 0.81191
0 2611.8 2.9082 0.27466 0.52018 0.80869
0 1462.4 2.9378 0.25659 0.52242 0.81316
0 1015.1 3.0155 0.32031 0.47231 0.82117
0 2324.4 2.9344 0.29374 0.50676 0.8105
0 719.45 2.9952 0.31096 0.48434 0.81775
0 1773.9 2.8965 0.30533 0.50906 0.80475
0 992.5 3.0363 0.28783 0.47378 0.83228
0 2982.4 2.9187 0.28116 0.51859 0.80748
0 975.63 2.9391 0.31464 0.4891 0.8135
0 1277.8 2.9909 0.31885 0.48723 0.81298
0 713.44 3.0425 0.31365 0.46358 0.82868
0 3602.9 2.8698 0.28741 0.52034 0.80414
0 1014 2.9169 0.28386 0.52266 0.8039
0 836.96 3.0179 0.32162 0.47518 0.819
0 1582.8 3.0009 0.30073 0.49445 0.81553
0 4445.1 2.9755 0.31859 0.48772 0.81279
0 1412.3 2.8558 0.3184 0.51441 0.79624
0 1320.6 2.9786 0.29481 0.49119 0.81965
0 2762.4 2.9053 0.28901 0.50892 0.81085
0 3716 2.8696 0.34995 0.49601 0.79468
0 859.02 3.004 0.25996 0.49863 0.82692
0 4143.7 2.9093 0.28993 0.50689 0.81179
0 1119.1 2.9618 0.32212 0.48874 0.81079
0 2216.9 2.9225 0.29481 0.49287 0.81864
0 1359.5 2.9881 0.30916 0.4922 0.81373
0 3425.9 2.958 0.30542 0.49644 0.81257
0 1170.8 2.9333 0.32913 0.49031 0.80702
0 822.13 2.9334 0.27081 0.50903 0.81704
0 619.14 2.88 0.34029 0.49262 0.80096
0 1014.6 2.902 0.28493 0.51717 0.80706
0 762.57 3.0466 0.31481 0.47517 0.82165
0 6680 2.8376 0.28016 0.53627 0.79619
0 1382.5 2.8979 0.30949 0.50794 0.80387
0 817.8 3.015 0.28422 0.48977 0.82422
0 1650.2 2.9933 0.35134 0.48486 0.80092
0 602.1 3.0052 0.28453 0.48415 0.82743
0 1021.3 2.9666 0.31288 0.49528 0.81043
0 12490 2.9401 0.27687 0.51643 0.81034
0 934.36 2.9289 0.29883 0.50447 0.81007
0 793.01 2.9955 0.26996 0.50326 0.82088
0 2727.3 2.9323 0.29686 0.50886 0.80804
0 1402.9 2.9096 0.32132 0.49409 0.80786
0 2137.6 2.8631 0.33518 0.50209 0.79722
0 1730.5 2.931 0.34013 0.48585 0.80515
0 2968.5 3.0035 0.30257 0.49376 0.81526
0 998.42 2.9789 0.33692 0.47465 0.81314
0 3183.8 2.8655 0.32681 0.50722 0.79745
0 1619 3.0063 0.27754 0.49278 0.82471
0 822.01 3.007 0.2607 0.50034 0.82565
0 602.05 3.1243 0.31401 0.45674 0.83234
0 1072.6 2.9121 0.25681 0.52702 0.81013
0 1817.8 2.9956 0.29919 0.49077 0.81831
0 5001.7 2.8726 0.3307 0.50789 0.79542
0 1500.1 2.9483 0.30286 0.50052 0.81102
0 933.3 2.9062 0.30056 0.51206 0.80465
0 606.78 3.0702 0.28279 0.47749 0.83189
0 2145.7 2.8745 0.27522 0.5302 0.80196
0 2202.9 2.9213 0.29125 0.51288 0.80754
